0.000004 0.000000 0.000042 0.001244 0.000000 0.000006 0.000000 0.998626 0.000013 0.000066
0.000030 0.000108 0.998739 0.000631 0.000000 0.000108 0.000153 0.000000 0.000232 0.000000
0.000000 0.994277 0.001394 0.000837 0.000046 0.000357 0.000522 0.000986 0.001531 0.000047
0.999468 0.000000 0.000128 0.000015 0.000003 0.000045 0.000187 0.000090 0.000000 0.000064
0.000015 0.000000 0.000035 0.000001 0.994615 0.000009 0.000162 0.000234 0.000038 0.004892
0.000000 0.992920 0.000115 0.000346 0.000029 0.000019 0.000019 0.006052 0.000421 0.000078
0.000000 0.000000 0.000000 0.000005 0.997511 0.000054 0.000005 0.000144 0.002104 0.000177
0.000000 0.000029 0.000080 0.002136 0.001507 0.000093 0.000000 0.000135 0.000009 0.996012
0.001169 0.000168 0.002197 0.000011 0.003294 0.071599 0.913754 0.000001 0.007075 0.000732
0.000004 0.000000 0.000000 0.000078 0.023828 0.000030 0.000000 0.007647 0.002603 0.965810
0.999652 0.000001 0.000172 0.000002 0.000000 0.000123 0.000040 0.000001 0.000001 0.000008
0.000093 0.000002 0.000038 0.000008 0.000015 0.000118 0.998992 0.000000 0.000733 0.000000
0.000002 0.000000 0.000002 0.000461 0.005145 0.000574 0.000001 0.000689 0.000159 0.992967
0.999813 0.000000 0.000006 0.000000 0.000004 0.000029 0.000014 0.000084 0.000003 0.000046
0.000000 0.997627 0.000029 0.001617 0.000005 0.000028 0.000067 0.000022 0.000574 0.000031
0.000019 0.000340 0.000009 0.015466 0.000009 0.983841 0.000007 0.000001 0.000297 0.000011
0.000027 0.000000 0.000037 0.000018 0.009153 0.000033 0.000012 0.001071 0.001198 0.988452
0.000019 0.000000 0.000303 0.001259 0.000000 0.000001 0.000000 0.998395 0.000000 0.000023
0.000029 0.000548 0.003053 0.919129 0.000300 0.001737 0.002235 0.000052 0.072832 0.000087
0.000000 0.000000 0.000000 0.000001 0.999904 0.000006 0.000002 0.000019 0.000001 0.000065
0.000009 0.000002 0.000000 0.000484 0.001094 0.000561 0.000000 0.035445 0.000059 0.962347
0.000023 0.000000 0.000006 0.000003 0.000043 0.007964 0.991681 0.000000 0.000279 0.000001
0.000006 0.000003 0.000072 0.000006 0.001106 0.000030 0.998266 0.000391 0.000118 0.000001
0.000001 0.000001 0.000000 0.000027 0.000002 0.999904 0.000063 0.000000 0.000002 0.000001
0.000001 0.000000 0.000044 0.000008 0.997269 0.000059 0.000025 0.001106 0.000005 0.001482
0.995968 0.000000 0.000002 0.000000 0.000458 0.000006 0.003522 0.000002 0.000005 0.000037
0.000025 0.000000 0.000005 0.000183 0.000000 0.000025 0.000000 0.999036 0.000001 0.000724
0.000000 0.000000 0.000000 0.000000 0.999714 0.000007 0.000002 0.000003 0.000004 0.000270
0.999886 0.000000 0.000091 0.000001 0.000000 0.000010 0.000003 0.000002 0.000000 0.000007
0.000000 0.982537 0.000331 0.010333 0.000030 0.001251 0.000634 0.000037 0.004721 0.000126
0.000000 0.000001 0.000000 0.999480 0.000000 0.000350 0.000000 0.000019 0.000004 0.000145
0.000000 0.975603 0.000183 0.015395 0.000104 0.000898 0.000090 0.001753 0.001810 0.004163
0.000000 0.000004 0.000001 0.998982 0.000023 0.000913 0.000000 0.000000 0.000050 0.000026
0.049808 0.000000 0.000275 0.000000 0.879468 0.005598 0.064766 0.000030 0.000022 0.000033
0.000003 0.000001 0.000404 0.003571 0.000000 0.000001 0.000000 0.995915 0.000072 0.000034
0.000008 0.000186 0.999094 0.000279 0.000000 0.000188 0.000004 0.000000 0.000241 0.000000
0.000004 0.000001 0.002125 0.001205 0.000000 0.000005 0.000000 0.996595 0.000011 0.000054
0.000000 0.996271 0.000033 0.000989 0.000020 0.000073 0.000057 0.000273 0.001840 0.000444
0.000693 0.004101 0.966119 0.024986 0.000000 0.003539 0.000180 0.000001 0.000380 0.000000
0.000000 0.996694 0.000015 0.000830 0.000060 0.000095 0.000750 0.000066 0.001327 0.000162
0.000000 0.995779 0.000459 0.001932 0.000003 0.000470 0.000143 0.000541 0.000304 0.000369
0.000001 0.000011 0.000330 0.002555 0.000001 0.000009 0.000000 0.996771 0.000002 0.000320
0.000000 0.000000 0.000000 0.000079 0.996560 0.000001 0.000000 0.000526 0.000131 0.002704
0.000005 0.000386 0.998859 0.000239 0.000012 0.000038 0.000443 0.000002 0.000016 0.000000
0.000002 0.000383 0.000766 0.977781 0.000022 0.020252 0.000640 0.000012 0.000119 0.000025
0.000209 0.000019 0.000001 0.003443 0.000031 0.995363 0.000231 0.000000 0.000599 0.000105
0.000000 0.967576 0.001992 0.026828 0.000170 0.000135 0.000064 0.000059 0.002588 0.000588
0.000001 0.000332 0.996987 0.000138 0.000020 0.000005 0.002510 0.000001 0.000007 0.000000
0.000000 0.000000 0.000000 0.000004 0.999112 0.000049 0.000000 0.000007 0.000112 0.000715
0.000001 0.000000 0.000009 0.000001 0.998020 0.000001 0.000013 0.000067 0.000017 0.001872
0.000749 0.000001 0.000074 0.000029 0.000011 0.000881 0.998249 0.000000 0.000006 0.000000
0.000010 0.000028 0.000081 0.998543 0.000023 0.000622 0.000008 0.000009 0.000635 0.000041
0.000246 0.000039 0.000000 0.000219 0.000427 0.998856 0.000031 0.000052 0.000012 0.000119
0.000038 0.000042 0.000002 0.007095 0.000961 0.991390 0.000119 0.000005 0.000174 0.000174
0.000002 0.000004 0.000078 0.000000 0.000001 0.000027 0.999121 0.000000 0.000765 0.000000
0.998258 0.000000 0.000077 0.000003 0.000003 0.000338 0.000883 0.000001 0.000411 0.000027
0.000000 0.000000 0.000001 0.000000 0.999905 0.000006 0.000007 0.000009 0.000027 0.000047
0.000000 0.988565 0.000320 0.001417 0.000022 0.000097 0.000023 0.007723 0.001496 0.000337
0.000004 0.000000 0.000002 0.000048 0.004985 0.000042 0.000000 0.000470 0.000025 0.994423
0.000555 0.000063 0.000002 0.000007 0.000036 0.995068 0.000001 0.004021 0.000160 0.000087
0.000001 0.000005 0.000009 0.002341 0.000000 0.000010 0.000000 0.997411 0.000002 0.000220
0.000795 0.000003 0.055260 0.000578 0.000159 0.000671 0.000275 0.000013 0.941810 0.000436
0.000015 0.000023 0.001101 0.000567 0.068471 0.076063 0.003662 0.007284 0.052474 0.790341
0.000011 0.000188 0.050423 0.926790 0.000030 0.000276 0.000012 0.000002 0.021934 0.000333
0.000000 0.000000 0.000095 0.018379 0.000024 0.000000 0.000000 0.981481 0.000003 0.000017
0.000000 0.000069 0.000006 0.001886 0.992139 0.002126 0.000038 0.000012 0.000105 0.003617
0.000516 0.000117 0.016336 0.003943 0.008865 0.000372 0.941551 0.027721 0.000557 0.000022
0.000006 0.000000 0.000011 0.000000 0.999455 0.000002 0.000042 0.000014 0.000007 0.000464
0.000004 0.000005 0.000004 0.998471 0.000033 0.000363 0.000000 0.000002 0.000909 0.000209
0.999700 0.000001 0.000042 0.000001 0.000000 0.000221 0.000028 0.000007 0.000000 0.000000
0.000006 0.000000 0.000023 0.000357 0.000000 0.000000 0.000000 0.999600 0.000000 0.000013
0.999967 0.000000 0.000007 0.000000 0.000000 0.000002 0.000022 0.000000 0.000000 0.000000
0.000532 0.000005 0.993309 0.006070 0.000000 0.000054 0.000004 0.000000 0.000026 0.000000
0.000028 0.000144 0.000131 0.008221 0.000559 0.000031 0.000000 0.109001 0.012418 0.869467
0.000000 0.994837 0.000027 0.000578 0.000078 0.000245 0.000259 0.000101 0.003392 0.000484
0.000000 0.000023 0.000231 0.008905 0.000179 0.000002 0.000000 0.989970 0.000230 0.000460
0.000002 0.000295 0.000010 0.996839 0.000016 0.001893 0.000001 0.000000 0.000899 0.000045
0.000024 0.001106 0.995849 0.000157 0.000004 0.000029 0.000117 0.001989 0.000682 0.000043
0.000001 0.000263 0.000000 0.001399 0.012015 0.000103 0.000000 0.001455 0.006526 0.978237
0.000006 0.000000 0.000078 0.001672 0.000004 0.000001 0.000000 0.995800 0.000641 0.001798
0.000019 0.000003 0.000003 0.000270 0.000364 0.000690 0.000000 0.971876 0.000002 0.026773
0.000248 0.000006 0.000259 0.000001 0.000153 0.003145 0.996128 0.000004 0.000015 0.000041
0.000003 0.000001 0.999924 0.000040 0.000000 0.000000 0.000005 0.000000 0.000027 0.000000
0.000005 0.000000 0.000001 0.000022 0.000007 0.000009 0.000000 0.999356 0.000001 0.000598
0.000018 0.000002 0.000144 0.000307 0.003373 0.014867 0.000296 0.000001 0.980696 0.000296
0.000000 0.000000 0.000000 0.000003 0.999701 0.000030 0.000001 0.000007 0.000056 0.000201
0.000000 0.000005 0.000267 0.000501 0.000001 0.000000 0.000000 0.998460 0.000243 0.000521
0.000017 0.000049 0.000024 0.996587 0.000071 0.002408 0.000472 0.000355 0.000003 0.000014
0.000001 0.000000 0.000016 0.000000 0.000158 0.000003 0.999821 0.000000 0.000000 0.000000
0.000000 0.996143 0.000159 0.000283 0.000149 0.000141 0.002034 0.000310 0.000771 0.000010
0.000017 0.000039 0.000010 0.997995 0.000000 0.000611 0.000000 0.000002 0.000747 0.000578
0.000000 0.000001 0.000047 0.000001 0.000004 0.000025 0.999899 0.000000 0.000024 0.000000
0.000003 0.000319 0.000080 0.000938 0.215957 0.002274 0.000103 0.002133 0.004876 0.773317
0.000017 0.000061 0.000003 0.994791 0.000002 0.003761 0.000000 0.000008 0.000404 0.000953
0.000000 0.975493 0.000394 0.000292 0.001010 0.000005 0.001281 0.000012 0.021470 0.000043
0.000130 0.000001 0.000051 0.000033 0.994135 0.000195 0.004211 0.000092 0.000334 0.000819
0.000000 0.863203 0.000321 0.043481 0.001799 0.003022 0.000035 0.009287 0.007329 0.071524
0.000000 0.000004 0.000090 0.004390 0.000018 0.000000 0.000001 0.995457 0.000037 0.000002
0.000241 0.000008 0.000010 0.000000 0.000007 0.003833 0.995899 0.000000 0.000002 0.000000
0.000000 0.000000 0.000001 0.000207 0.000133 0.000004 0.000000 0.000504 0.000055 0.999095
0.000010 0.000040 0.000274 0.000004 0.000013 0.000040 0.999512 0.000004 0.000102 0.000000
0.999756 0.000000 0.000009 0.000000 0.000000 0.000138 0.000090 0.000005 0.000001 0.000001
0.000000 0.000000 0.000000 0.000039 0.000000 0.999958 0.000000 0.000000 0.000001 0.000002
0.000000 0.000000 0.000008 0.000000 0.999942 0.000001 0.000005 0.000001 0.000002 0.000041
0.000007 0.000002 0.000032 0.002960 0.003114 0.100835 0.000052 0.000140 0.003283 0.889575
0.000003 0.000000 0.000153 0.000856 0.004697 0.000326 0.000002 0.000444 0.000692 0.992826
0.000537 0.000001 0.998828 0.000487 0.000000 0.000009 0.000012 0.000002 0.000123 0.000000
0.000661 0.978439 0.001412 0.000348 0.000015 0.004319 0.009585 0.000240 0.004947 0.000033
0.000000 0.000000 0.000000 0.000038 0.015155 0.001552 0.000001 0.000097 0.000102 0.983053
0.000006 0.000000 0.000010 0.000001 0.998662 0.000007 0.000169 0.000292 0.000002 0.000851
0.000032 0.000083 0.000047 0.001024 0.000005 0.000080 0.000025 0.000000 0.998697 0.000007
0.000000 0.045192 0.003953 0.008389 0.000024 0.000003 0.000001 0.939860 0.001853 0.000725
0.000010 0.000152 0.000016 0.997231 0.000011 0.002341 0.000002 0.000001 0.000215 0.000021
0.000000 0.000001 0.000017 0.000775 0.001325 0.000002 0.000000 0.000205 0.000269 0.997406
0.000000 0.000016 0.006402 0.002487 0.000005 0.000000 0.000000 0.990990 0.000017 0.000082
0.000002 0.000423 0.000458 0.000151 0.810603 0.000248 0.022763 0.000286 0.001668 0.163398
0.000000 0.000002 0.000002 0.000076 0.996468 0.000006 0.000005 0.000133 0.000151 0.003157
0.000000 0.000000 0.000179 0.000002 0.999649 0.000007 0.000030 0.000001 0.000045 0.000085
0.000013 0.000031 0.000329 0.000728 0.085126 0.000640 0.000109 0.006642 0.003715 0.902667
0.000154 0.000005 0.907061 0.000060 0.000053 0.000074 0.001419 0.002823 0.084094 0.004257
0.000000 0.000000 0.000000 0.000785 0.000000 0.999147 0.000001 0.000000 0.000034 0.000031
0.000468 0.000000 0.001957 0.000005 0.965637 0.000229 0.009722 0.001354 0.014306 0.006321
0.000000 0.000058 0.000194 0.003022 0.000020 0.000025 0.000000 0.995813 0.000009 0.000858
0.000004 0.000096 0.000089 0.000011 0.000228 0.000471 0.999031 0.000010 0.000051 0.000009
0.000001 0.000000 0.000001 0.000602 0.317511 0.000050 0.000021 0.678767 0.002175 0.000872
0.000000 0.000111 0.002049 0.002860 0.062153 0.000067 0.000017 0.000062 0.004280 0.928400
0.958162 0.000025 0.004048 0.001098 0.000004 0.029109 0.000348 0.000078 0.000099 0.007030
0.000000 0.000000 0.000000 0.000001 0.000000 0.999993 0.000000 0.000000 0.000005 0.000000
0.000000 0.000000 0.000008 0.000715 0.000001 0.000034 0.000000 0.000000 0.999205 0.000036
0.000001 0.000001 0.000000 0.000101 0.000000 0.999877 0.000000 0.000000 0.000004 0.000016
0.000017 0.000000 0.000024 0.000001 0.000605 0.000082 0.999260 0.000000 0.000004 0.000005
0.000017 0.000001 0.000024 0.000000 0.000046 0.000312 0.999591 0.000000 0.000009 0.000000
0.000000 0.000005 0.000001 0.000182 0.000000 0.999795 0.000008 0.000000 0.000008 0.000001
0.000004 0.000000 0.010467 0.006715 0.000004 0.000000 0.000000 0.982785 0.000012 0.000012
0.000000 0.000004 0.000006 0.000035 0.000000 0.000041 0.000001 0.000000 0.999910 0.000002
0.000000 0.996749 0.000048 0.000941 0.000016 0.000026 0.000361 0.000059 0.001765 0.000036
0.999105 0.000000 0.000282 0.000001 0.000002 0.000256 0.000315 0.000003 0.000007 0.000031
0.000005 0.996155 0.000219 0.000084 0.000033 0.000118 0.001545 0.000221 0.001579 0.000040
0.000002 0.000000 0.000003 0.000000 0.000022 0.000002 0.999969 0.000001 0.000000 0.000000
0.000013 0.000000 0.001333 0.000036 0.958510 0.000062 0.000384 0.001438 0.027173 0.011050
0.000090 0.000029 0.000234 0.000005 0.000136 0.000728 0.998732 0.000000 0.000045 0.000000
0.000000 0.000000 0.000003 0.000163 0.000000 0.000000 0.000000 0.999824 0.000000 0.000009
0.000000 0.000009 0.008524 0.989949 0.000013 0.000008 0.000000 0.000511 0.000962 0.000024
0.000000 0.998362 0.000275 0.000085 0.000004 0.000022 0.000225 0.000376 0.000639 0.000012
0.000003 0.000001 0.001093 0.042657 0.000036 0.000010 0.000000 0.953454 0.000016 0.002731
0.000000 0.993955 0.000063 0.003889 0.000004 0.000778 0.000087 0.000049 0.000966 0.000208
0.000005 0.000000 0.000037 0.000169 0.000013 0.000077 0.000009 0.000001 0.999313 0.000377
0.000002 0.000001 0.999629 0.000323 0.000006 0.000000 0.000013 0.000000 0.000025 0.000000
0.998580 0.000000 0.000104 0.000001 0.000001 0.000087 0.001220 0.000001 0.000001 0.000005
0.000107 0.001958 0.393310 0.100745 0.353470 0.043356 0.010532 0.001093 0.033193 0.062236
0.000000 0.000000 0.000003 0.000089 0.001301 0.000667 0.000013 0.000005 0.000946 0.996975
0.000416 0.000001 0.002894 0.019642 0.000240 0.004439 0.000000 0.000118 0.168417 0.803831
0.000089 0.000001 0.000000 0.000000 0.000006 0.999641 0.000001 0.000002 0.000249 0.000011
0.000018 0.000080 0.000003 0.000741 0.000001 0.998678 0.000020 0.000000 0.000249 0.000209
0.000000 0.993025 0.000115 0.001156 0.000150 0.000136 0.000270 0.003090 0.000268 0.001789
0.000001 0.000003 0.000000 0.000004 0.000085 0.999683 0.000135 0.000000 0.000079 0.000011
0.000013 0.000000 0.000531 0.000000 0.007654 0.000026 0.991732 0.000042 0.000000 0.000000
0.997122 0.000000 0.000100 0.000005 0.000004 0.000886 0.001326 0.000037 0.000003 0.000517
0.000724 0.002978 0.050226 0.943734 0.000000 0.001974 0.000019 0.000323 0.000016 0.000005
0.000001 0.001553 0.000301 0.000658 0.988172 0.000378 0.000921 0.002802 0.000038 0.005176
0.000000 0.000000 0.000001 0.000003 0.999664 0.000000 0.000002 0.000010 0.000297 0.000023
0.000023 0.000000 0.000029 0.000000 0.000005 0.000028 0.999914 0.000000 0.000000 0.000000
0.000000 0.000000 0.000000 0.000005 0.000000 0.999994 0.000000 0.000000 0.000001 0.000000
0.000000 0.000000 0.000002 0.000001 0.999308 0.000000 0.000004 0.000212 0.000008 0.000465
0.000001 0.000000 0.000120 0.000000 0.000134 0.000001 0.999729 0.000010 0.000005 0.000000
0.000001 0.000001 0.000000 0.000397 0.000000 0.999514 0.000010 0.000000 0.000060 0.000016
0.000109 0.000000 0.000009 0.000004 0.991659 0.000036 0.000015 0.001147 0.000021 0.006999
0.000343 0.000006 0.000022 0.001439 0.000261 0.996727 0.000688 0.000034 0.000473 0.000007
0.000000 0.998457 0.000077 0.000629 0.000001 0.000055 0.000162 0.000010 0.000601 0.000008
0.000000 0.000000 0.000000 0.000002 0.999723 0.000018 0.000001 0.000025 0.000003 0.000228
0.000000 0.000001 0.000001 0.000035 0.996349 0.000295 0.000002 0.000017 0.000031 0.003268
0.000097 0.000017 0.002406 0.024970 0.000003 0.000011 0.000000 0.969802 0.002124 0.000571
0.000039 0.000112 0.998192 0.001430 0.000000 0.000002 0.000000 0.000000 0.000226 0.000000
0.000513 0.000056 0.000065 0.993023 0.000012 0.005764 0.000001 0.000022 0.000460 0.000083
0.000003 0.000098 0.999404 0.000218 0.000000 0.000001 0.000011 0.000001 0.000265 0.000000
0.000004 0.044296 0.003056 0.078616 0.000261 0.003686 0.000014 0.834882 0.006941 0.028245
0.000000 0.997207 0.000134 0.001352 0.000001 0.000591 0.000063 0.000160 0.000241 0.000251
0.000144 0.000003 0.000150 0.001392 0.000685 0.001088 0.002021 0.000013 0.991972 0.002532
0.000000 0.997882 0.000052 0.001144 0.000009 0.000029 0.000087 0.000186 0.000577 0.000035
0.000002 0.000021 0.005409 0.000073 0.000000 0.000017 0.000033 0.000000 0.994442 0.000002
0.000000 0.992236 0.000069 0.003215 0.000047 0.000056 0.000041 0.002380 0.001349 0.000608
0.000000 0.000008 0.000196 0.000283 0.000001 0.000025 0.000152 0.000000 0.999322 0.000013
0.000010 0.000576 0.000002 0.001167 0.000003 0.997136 0.000050 0.000001 0.001030 0.000025
0.999903 0.000000 0.000028 0.000000 0.000000 0.000009 0.000060 0.000000 0.000000 0.000000
0.000151 0.000082 0.000082 0.007737 0.000067 0.000157 0.003244 0.000000 0.988444 0.000035
0.000002 0.000000 0.000149 0.000030 0.011033 0.000013 0.000145 0.000040 0.000141 0.988446
0.000002 0.000042 0.998772 0.001168 0.000000 0.000000 0.000000 0.000000 0.000016 0.000000
0.000008 0.000004 0.000014 0.011283 0.000001 0.988438 0.000001 0.000000 0.000189 0.000064
0.999996 0.000000 0.000001 0.000000 0.000000 0.000002 0.000000 0.000001 0.000000 0.000000
0.000000 0.945349 0.000909 0.041466 0.000081 0.004097 0.000201 0.000148 0.006797 0.000951
0.000004 0.987201 0.000159 0.000379 0.000335 0.000040 0.000175 0.007832 0.003020 0.000856
0.000000 0.962057 0.000740 0.023826 0.000717 0.006513 0.000237 0.000152 0.004797 0.000961
0.999450 0.000000 0.000388 0.000012 0.000001 0.000091 0.000050 0.000002 0.000004 0.000002
0.000001 0.000033 0.000390 0.060979 0.086032 0.002510 0.000129 0.012642 0.203362 0.633924
0.998404 0.000000 0.000052 0.000007 0.000001 0.000952 0.000004 0.000338 0.000001 0.000241
0.000000 0.006663 0.017759 0.901709 0.000643 0.048304 0.000098 0.000120 0.021808 0.002896
0.000000 0.984614 0.000089 0.000200 0.000185 0.000109 0.010583 0.000059 0.004097 0.000063
0.000008 0.000000 0.000005 0.000000 0.000033 0.000264 0.999671 0.000000 0.000017 0.000000
0.000000 0.000000 0.000000 0.000008 0.998041 0.000091 0.000001 0.000307 0.000073 0.001479
0.000095 0.000180 0.952658 0.045182 0.000000 0.000019 0.000003 0.000172 0.001689 0.000002
0.001830 0.000035 0.010036 0.960045 0.000004 0.006881 0.000026 0.000002 0.021073 0.000068
0.000042 0.000000 0.000009 0.000000 0.000008 0.000000 0.999941 0.000000 0.000000 0.000000
0.000001 0.996374 0.000328 0.000431 0.000084 0.000206 0.000100 0.002016 0.000436 0.000023
0.000000 0.995212 0.000028 0.002796 0.000004 0.000835 0.000099 0.000114 0.000493 0.000420
0.000000 0.995402 0.000815 0.000831 0.000022 0.000165 0.000196 0.001579 0.000958 0.000031
0.000001 0.000075 0.000008 0.996733 0.000053 0.002681 0.000009 0.000005 0.000363 0.000073
0.000000 0.000000 0.000000 0.000042 0.007461 0.002460 0.000000 0.000070 0.002004 0.987961
0.000403 0.000021 0.000011 0.010724 0.000093 0.987019 0.000099 0.000071 0.000758 0.000802
0.000001 0.000000 0.999955 0.000003 0.000000 0.000000 0.000037 0.000000 0.000003 0.000000
0.000000 0.000010 0.000002 0.012051 0.026912 0.000200 0.000000 0.007416 0.000012 0.953396
0.000024 0.000000 0.000005 0.000010 0.987557 0.000355 0.000114 0.004971 0.000865 0.006099
0.000669 0.000035 0.000001 0.000778 0.000017 0.986530 0.000000 0.008115 0.001825 0.002030
0.000000 0.000001 0.000003 0.006895 0.000627 0.000371 0.000000 0.000789 0.000208 0.991106
0.000000 0.000126 0.000083 0.998480 0.000028 0.000055 0.000000 0.000810 0.000132 0.000285
0.000001 0.000006 0.000010 0.004467 0.030348 0.000140 0.000002 0.000304 0.010669 0.954053
0.994916 0.000000 0.002232 0.000004 0.000089 0.000082 0.000121 0.000138 0.000014 0.002404
0.000000 0.000001 0.000002 0.999928 0.000000 0.000004 0.000000 0.000043 0.000002 0.000020
0.002374 0.000157 0.000013 0.000004 0.000064 0.045398 0.945902 0.000000 0.006088 0.000000
0.000003 0.000002 0.000000 0.000605 0.000001 0.995180 0.000000 0.004102 0.000093 0.000015
0.000217 0.000017 0.000000 0.001710 0.000000 0.997991 0.000000 0.000000 0.000044 0.000020
0.000015 0.000000 0.000002 0.000025 0.000002 0.000185 0.000000 0.998035 0.000002 0.001735
0.054763 0.000020 0.911875 0.022824 0.000582 0.001655 0.007101 0.000372 0.000731 0.000078
0.014061 0.000002 0.981250 0.002063 0.000086 0.000020 0.000267 0.000674 0.001427 0.000151
0.000001 0.000000 0.000444 0.000504 0.000000 0.000000 0.000000 0.998863 0.000007 0.000181
0.000004 0.979353 0.006006 0.002810 0.000345 0.004808 0.000543 0.004246 0.001727 0.000158
0.000105 0.000037 0.987771 0.008053 0.000000 0.000045 0.000000 0.000004 0.003983 0.000002
0.000000 0.000001 0.000024 0.000151 0.000015 0.000008 0.000004 0.000001 0.999794 0.000003
0.000007 0.000024 0.000382 0.000164 0.993548 0.000226 0.000387 0.000429 0.000144 0.004689
0.000000 0.997929 0.000435 0.000253 0.000007 0.000081 0.000091 0.000601 0.000528 0.000075
0.000001 0.000109 0.000147 0.005742 0.000000 0.000009 0.000000 0.992877 0.000007 0.001107
0.000049 0.000860 0.000182 0.944878 0.000000 0.053786 0.000007 0.000061 0.000030 0.000147
0.000009 0.001372 0.000182 0.991473 0.000003 0.001433 0.000000 0.000000 0.005466 0.000061
0.000005 0.000002 0.000125 0.000012 0.000002 0.006279 0.008539 0.000000 0.985033 0.000003
0.000008 0.000001 0.000843 0.047098 0.000011 0.000158 0.000000 0.024193 0.921957 0.005730
0.000013 0.000700 0.004842 0.055051 0.000001 0.000134 0.000000 0.936725 0.000482 0.002051
0.000098 0.000000 0.000101 0.000087 0.000947 0.000400 0.000004 0.043255 0.000206 0.954903
0.000001 0.000122 0.998909 0.000706 0.000000 0.000001 0.000069 0.000004 0.000189 0.000000
0.000000 0.001482 0.997651 0.000150 0.000002 0.000000 0.000709 0.000000 0.000006 0.000000
0.000000 0.000000 0.000002 0.000000 0.999884 0.000001 0.000011 0.000003 0.000001 0.000099
0.000000 0.998998 0.000010 0.000539 0.000007 0.000079 0.000048 0.000094 0.000137 0.000089
0.000000 0.000053 0.000002 0.001601 0.000000 0.998148 0.000017 0.000000 0.000119 0.000060
0.002065 0.000004 0.000420 0.037708 0.003512 0.366924 0.000393 0.000077 0.141741 0.447156
0.001409 0.000000 0.000022 0.000002 0.000028 0.000016 0.000007 0.000024 0.997466 0.001025
0.000000 0.000001 0.000152 0.001866 0.000576 0.000001 0.000003 0.997387 0.000002 0.000012
0.000007 0.000862 0.975084 0.007615 0.000046 0.000030 0.000388 0.014030 0.001898 0.000040
0.000371 0.004701 0.003259 0.861017 0.000014 0.090213 0.039762 0.000590 0.000070 0.000004
0.999874 0.000000 0.000062 0.000000 0.000000 0.000008 0.000054 0.000000 0.000001 0.000001
0.000089 0.000180 0.566883 0.001871 0.009602 0.000435 0.420660 0.000019 0.000261 0.000001
0.000001 0.000000 0.000000 0.000000 0.999442 0.000001 0.000012 0.000010 0.000006 0.000527
0.000001 0.011774 0.983318 0.004016 0.000000 0.000006 0.000642 0.000001 0.000242 0.000000
0.000000 0.000000 0.000000 0.000056 0.991115 0.000062 0.000001 0.000017 0.000351 0.008399
0.000003 0.889915 0.000638 0.041060 0.000038 0.057877 0.001058 0.000209 0.006290 0.002913
0.000000 0.000000 0.000001 0.000125 0.002411 0.000028 0.000000 0.000047 0.000010 0.997378
0.000004 0.000006 0.000000 0.001250 0.000002 0.998694 0.000002 0.000000 0.000024 0.000018
0.000001 0.000000 0.000044 0.001118 0.000000 0.000000 0.000000 0.998788 0.000000 0.000047
0.000001 0.000227 0.002330 0.023814 0.000013 0.000014 0.000001 0.966630 0.000559 0.006411
0.000001 0.003229 0.990562 0.006007 0.000000 0.000004 0.000009 0.000002 0.000186 0.000000
0.000327 0.018948 0.003434 0.007729 0.000114 0.001118 0.042718 0.000009 0.925594 0.000010
0.000033 0.000001 0.998719 0.000165 0.000004 0.000002 0.001070 0.000001 0.000005 0.000000
0.883187 0.000007 0.000018 0.000022 0.000073 0.002603 0.113901 0.000180 0.000008 0.000000
0.000012 0.000000 0.000062 0.000036 0.000001 0.000537 0.000000 0.000001 0.999327 0.000024
0.000016 0.000426 0.000002 0.001425 0.000000 0.996066 0.000000 0.000011 0.002014 0.000041
0.000000 0.000000 0.000005 0.000205 0.000000 0.000000 0.000000 0.999775 0.000000 0.000015
0.000000 0.000009 0.000025 0.001154 0.000000 0.000000 0.000000 0.998702 0.000005 0.000104
0.000000 0.003904 0.000127 0.013566 0.075249 0.000321 0.000003 0.000390 0.024330 0.882109
0.000000 0.995605 0.000141 0.001443 0.000007 0.000010 0.000189 0.000025 0.002563 0.000017
0.135504 0.000034 0.000740 0.000950 0.000127 0.007063 0.064168 0.000001 0.790361 0.001053
0.000000 0.998249 0.000030 0.000600 0.000203 0.000005 0.000320 0.000096 0.000374 0.000123
0.000293 0.000000 0.000455 0.003318 0.002065 0.009862 0.000421 0.000007 0.979124 0.004454
0.999308 0.000002 0.000316 0.000014 0.000000 0.000107 0.000050 0.000196 0.000000 0.000008
0.000001 0.000018 0.000040 0.998928 0.000000 0.000787 0.000000 0.000001 0.000166 0.000059
0.995822 0.000001 0.000346 0.000012 0.000044 0.000470 0.001611 0.000144 0.000001 0.001548
0.000000 0.997944 0.000012 0.001061 0.000007 0.000093 0.000042 0.000173 0.000371 0.000296
0.000003 0.000001 0.000119 0.049812 0.000189 0.000112 0.000001 0.004763 0.037866 0.907134
0.000001 0.000003 0.000106 0.092957 0.000260 0.000043 0.000002 0.022342 0.020554 0.863731
0.000000 0.000000 0.000004 0.000002 0.991977 0.000023 0.000012 0.000159 0.000067 0.007756
0.000000 0.998819 0.000067 0.000249 0.000006 0.000018 0.000088 0.000115 0.000615 0.000023
0.000013 0.000000 0.000064 0.000086 0.000060 0.000012 0.000026 0.000055 0.998948 0.000737
0.000111 0.000002 0.976887 0.000202 0.000001 0.000017 0.000044 0.000016 0.022706 0.000014
0.000000 0.998323 0.000020 0.000814 0.000009 0.000103 0.000047 0.000422 0.000090 0.000172
0.000000 0.005647 0.991707 0.001616 0.000000 0.000000 0.000311 0.000000 0.000719 0.000000
0.000000 0.000000 0.000004 0.000218 0.003002 0.000005 0.000002 0.000117 0.000289 0.996364
0.000018 0.003545 0.042259 0.018035 0.000042 0.000026 0.000034 0.919457 0.015918 0.000665
0.000001 0.000002 0.000000 0.000044 0.000000 0.999895 0.000000 0.000054 0.000001 0.000003
0.000014 0.000000 0.000030 0.000015 0.000769 0.000148 0.000005 0.000312 0.000046 0.998659
0.000000 0.000005 0.999879 0.000096 0.000000 0.000000 0.000014 0.000000 0.000006 0.000000
0.000002 0.000158 0.000546 0.000007 0.000006 0.003973 0.993519 0.000000 0.001790 0.000000
0.000006 0.000000 0.000103 0.000114 0.998195 0.000017 0.000031 0.001334 0.000023 0.000178
0.000003 0.989424 0.000037 0.000290 0.000037 0.001125 0.001819 0.000211 0.006894 0.000159
0.000001 0.000200 0.000012 0.002260 0.000447 0.990841 0.002054 0.000001 0.004172 0.000011
0.000000 0.000016 0.000013 0.005385 0.493155 0.012452 0.000095 0.000053 0.485514 0.003317
0.000041 0.002797 0.995623 0.001247 0.000000 0.000077 0.000056 0.000000 0.000158 0.000000
0.000011 0.000000 0.000038 0.000025 0.000514 0.000093 0.000001 0.001270 0.000104 0.997945
0.000001 0.000556 0.997751 0.001225 0.000126 0.000001 0.000239 0.000008 0.000091 0.000001
0.997413 0.000000 0.000148 0.000004 0.000000 0.002375 0.000009 0.000041 0.000004 0.000005
0.000000 0.000000 0.000000 0.000011 0.998950 0.000021 0.000000 0.000004 0.000006 0.001008
0.999976 0.000000 0.000018 0.000000 0.000000 0.000002 0.000004 0.000000 0.000000 0.000000
0.999283 0.000001 0.000043 0.000001 0.000000 0.000642 0.000020 0.000009 0.000000 0.000000
0.000001 0.000104 0.998825 0.000662 0.000000 0.000002 0.000052 0.000000 0.000353 0.000000
0.000060 0.000024 0.000036 0.002441 0.000001 0.000114 0.000000 0.000003 0.997283 0.000038
0.000370 0.017985 0.007932 0.003428 0.736015 0.010749 0.187923 0.034000 0.000937 0.000661
0.000000 0.000004 0.000998 0.013258 0.000019 0.000001 0.000001 0.985707 0.000007 0.000006
0.000000 0.999140 0.000020 0.000365 0.000005 0.000012 0.000110 0.000020 0.000298 0.000030
0.000019 0.000002 0.974566 0.000561 0.000041 0.000073 0.000202 0.016884 0.007240 0.000411
0.000000 0.000001 0.000001 0.000030 0.995068 0.000004 0.000010 0.000856 0.002646 0.001384
0.981101 0.000001 0.011200 0.000042 0.000000 0.007585 0.000003 0.000001 0.000066 0.000000
0.000000 0.000446 0.998851 0.000663 0.000000 0.000000 0.000004 0.000000 0.000036 0.000000
0.000000 0.000109 0.001307 0.058494 0.000079 0.000004 0.000001 0.934280 0.001001 0.004724
0.000000 0.000000 0.000000 0.000002 0.989796 0.000006 0.000011 0.000021 0.010151 0.000013
0.000001 0.000627 0.000175 0.998934 0.000000 0.000260 0.000000 0.000000 0.000004 0.000000
0.000001 0.000097 0.000065 0.997549 0.000026 0.001541 0.000005 0.000002 0.000685 0.000031
0.999890 0.000000 0.000006 0.000000 0.000004 0.000001 0.000075 0.000001 0.000000 0.000022
0.998942 0.000000 0.000063 0.000000 0.000011 0.000002 0.000589 0.000002 0.000002 0.000388
0.000015 0.000206 0.000074 0.801739 0.005075 0.192026 0.000775 0.000004 0.000082 0.000003
0.000000 0.998529 0.000012 0.000744 0.000009 0.000033 0.000091 0.000009 0.000550 0.000024
0.000075 0.000000 0.000716 0.002787 0.001527 0.000046 0.000005 0.010969 0.005906 0.977968
0.000018 0.000006 0.000001 0.000000 0.000019 0.000825 0.999050 0.000000 0.000079 0.000000
0.000001 0.000004 0.000000 0.000021 0.000108 0.999004 0.000029 0.000007 0.000825 0.000001
0.006985 0.000005 0.921314 0.061844 0.000148 0.000028 0.008693 0.000015 0.000968 0.000001
0.000008 0.000007 0.000003 0.000665 0.000022 0.997686 0.000594 0.000000 0.001012 0.000002
0.000001 0.124855 0.000328 0.036755 0.000259 0.000859 0.000003 0.213711 0.180902 0.442327
0.000019 0.000846 0.040473 0.048810 0.000001 0.000053 0.000000 0.899086 0.010373 0.000338
0.000000 0.000001 0.000000 0.001493 0.000669 0.000061 0.000000 0.000369 0.000007 0.997401
0.000002 0.000076 0.000054 0.998172 0.000007 0.000064 0.000000 0.000000 0.001590 0.000034
0.886813 0.002272 0.006126 0.004854 0.000995 0.019218 0.005058 0.031337 0.001385 0.041941
0.000005 0.000001 0.000312 0.000043 0.985826 0.000134 0.000742 0.002321 0.003646 0.006970
0.000017 0.002544 0.958110 0.000137 0.000000 0.000425 0.038652 0.000000 0.000114 0.000000
0.999788 0.000000 0.000010 0.000000 0.000003 0.000003 0.000187 0.000001 0.000000 0.000007
0.000001 0.000027 0.001557 0.000955 0.000005 0.000001 0.000000 0.995241 0.001869 0.000345
0.000000 0.996846 0.000061 0.001813 0.000063 0.000020 0.000228 0.000198 0.000705 0.000065
0.000000 0.998296 0.000022 0.000901 0.000029 0.000057 0.000182 0.000096 0.000292 0.000126
0.000000 0.001304 0.996410 0.001645 0.000000 0.000000 0.000020 0.000000 0.000620 0.000000
0.000000 0.998367 0.000029 0.000625 0.000027 0.000007 0.000032 0.000640 0.000167 0.000107
0.000001 0.000000 0.000002 0.001029 0.000008 0.998381 0.000000 0.000000 0.000577 0.000002
0.000001 0.000014 0.000006 0.999786 0.000002 0.000147 0.000000 0.000002 0.000033 0.000009
0.000004 0.000559 0.004785 0.991604 0.000002 0.001163 0.000004 0.000008 0.001846 0.000026
0.000001 0.000000 0.000019 0.000130 0.060671 0.000038 0.000001 0.000237 0.000898 0.938005
0.000004 0.000000 0.000121 0.005586 0.000000 0.000002 0.000000 0.993382 0.000002 0.000902
0.000324 0.000000 0.000129 0.000106 0.000012 0.000791 0.000002 0.000000 0.998394 0.000242
0.000010 0.000004 0.000047 0.000000 0.000034 0.005793 0.994009 0.000000 0.000102 0.000000
0.000009 0.008197 0.000248 0.466937 0.000001 0.523227 0.001227 0.000023 0.000107 0.000024
0.000066 0.000054 0.002481 0.000291 0.048886 0.001433 0.933918 0.011957 0.000557 0.000358
0.000000 0.997624 0.000018 0.001065 0.000008 0.000057 0.000039 0.000125 0.000807 0.000256
0.000023 0.000863 0.000027 0.998077 0.000000 0.000819 0.000000 0.000000 0.000182 0.000009
0.000011 0.000029 0.000069 0.000608 0.000082 0.024611 0.004970 0.000000 0.969581 0.000038
0.000000 0.995252 0.000023 0.002272 0.000170 0.000015 0.000036 0.000447 0.000614 0.001170
0.999511 0.000000 0.000125 0.000042 0.000000 0.000089 0.000015 0.000004 0.000168 0.000045
0.000006 0.000149 0.000000 0.000380 0.000023 0.996113 0.000065 0.000000 0.003222 0.000042
0.000000 0.995785 0.000233 0.000078 0.000002 0.000103 0.001867 0.000074 0.001850 0.000008
0.000000 0.000007 0.000329 0.986113 0.000002 0.000003 0.000000 0.010210 0.001452 0.001883
0.000000 0.990464 0.000146 0.006149 0.000290 0.000131 0.000069 0.000281 0.000883 0.001587
0.000001 0.000000 0.000000 0.000020 0.000000 0.999972 0.000001 0.000000 0.000004 0.000002
0.103756 0.000154 0.000135 0.018598 0.000004 0.876768 0.000089 0.000080 0.000399 0.000017
0.002087 0.000000 0.000678 0.000009 0.000501 0.000034 0.996490 0.000002 0.000124 0.000074
0.000003 0.991253 0.001575 0.000435 0.000335 0.000110 0.000873 0.000673 0.004713 0.000030
0.000111 0.000034 0.000004 0.000011 0.000014 0.000319 0.001781 0.000000 0.997698 0.000026
0.000001 0.000001 0.000000 0.000055 0.000000 0.999928 0.000000 0.000000 0.000002 0.000014
0.000001 0.964601 0.000835 0.022850 0.000019 0.002916 0.000168 0.005955 0.001405 0.001250
0.000002 0.002470 0.000170 0.008875 0.013225 0.000164 0.000000 0.835963 0.002298 0.136833
0.000004 0.000022 0.000022 0.003084 0.413331 0.000908 0.000084 0.000143 0.095648 0.486755
0.000000 0.000000 0.000064 0.000019 0.999726 0.000017 0.000100 0.000048 0.000002 0.000024
0.000001 0.000000 0.000011 0.000000 0.000020 0.000075 0.999889 0.000000 0.000003 0.000000
0.000225 0.000003 0.959719 0.002217 0.000002 0.000032 0.000000 0.029344 0.008292 0.000167
0.000000 0.003282 0.995736 0.000477 0.000000 0.000003 0.000483 0.000000 0.000019 0.000000
0.000002 0.000001 0.000003 0.000444 0.000001 0.999543 0.000000 0.000000 0.000003 0.000003
0.998650 0.000000 0.000128 0.000016 0.000003 0.000618 0.000488 0.000012 0.000039 0.000046
0.001203 0.000036 0.038051 0.001047 0.002030 0.008610 0.945246 0.000487 0.003283 0.000007
0.000001 0.000000 0.000037 0.007406 0.000057 0.990010 0.000001 0.000000 0.002053 0.000435
0.000018 0.000007 0.000191 0.000018 0.000021 0.003548 0.995266 0.000000 0.000930 0.000001
0.000078 0.000011 0.000008 0.997911 0.000007 0.000929 0.000000 0.000011 0.000541 0.000505
0.000000 0.000003 0.000125 0.005149 0.000000 0.000000 0.000000 0.993875 0.000004 0.000844
0.000000 0.000698 0.994928 0.003967 0.000000 0.000005 0.000393 0.000000 0.000009 0.000000
0.987287 0.000016 0.006164 0.002559 0.000017 0.003348 0.000153 0.000252 0.000028 0.000176
0.000015 0.000008 0.002936 0.004603 0.000002 0.000177 0.000007 0.000002 0.992131 0.000119
0.000003 0.000000 0.000176 0.000271 0.000039 0.000011 0.000005 0.000000 0.999219 0.000274
0.000000 0.000001 0.000000 0.000001 0.000000 0.999995 0.000002 0.000000 0.000001 0.000000
0.000000 0.000001 0.000000 0.000033 0.982803 0.000025 0.000000 0.000093 0.000004 0.017041
0.000000 0.997559 0.000035 0.000401 0.000012 0.000197 0.000098 0.000814 0.000639 0.000246
0.000000 0.999309 0.000008 0.000378 0.000011 0.000024 0.000051 0.000054 0.000092 0.000072
0.000002 0.000000 0.000002 0.000001 0.999286 0.000046 0.000004 0.000042 0.000007 0.000611
0.989805 0.000001 0.000064 0.000000 0.000000 0.006608 0.003491 0.000000 0.000031 0.000000
0.000001 0.001096 0.001330 0.402820 0.000007 0.000003 0.000005 0.594677 0.000005 0.000056
0.000001 0.000014 0.000001 0.998545 0.000037 0.000984 0.000002 0.000001 0.000180 0.000236
0.000003 0.000009 0.000170 0.006426 0.000000 0.000061 0.000000 0.992936 0.000012 0.000383
0.000004 0.000000 0.000002 0.000000 0.000007 0.000009 0.999978 0.000000 0.000000 0.000000
0.000000 0.998507 0.000070 0.000950 0.000002 0.000054 0.000022 0.000131 0.000233 0.000032
0.006341 0.000135 0.000031 0.004637 0.000096 0.081880 0.906543 0.000017 0.000247 0.000073
0.000000 0.000354 0.998602 0.000105 0.000004 0.000010 0.000068 0.000180 0.000672 0.000005
0.000003 0.996768 0.000506 0.000683 0.000027 0.000196 0.000038 0.001156 0.000527 0.000097
0.000000 0.000137 0.000005 0.004016 0.303196 0.000067 0.000002 0.038470 0.003931 0.650176
0.003378 0.000000 0.994057 0.000305 0.000119 0.000004 0.000301 0.001808 0.000013 0.000015
0.012350 0.000001 0.050302 0.000419 0.000029 0.000814 0.000971 0.000008 0.934944 0.000162
0.000002 0.000000 0.000104 0.000001 0.000063 0.000032 0.999795 0.000000 0.000002 0.000001
0.000000 0.995296 0.000061 0.000750 0.000046 0.000109 0.000071 0.002531 0.000672 0.000465
0.001433 0.000005 0.000321 0.000259 0.016447 0.001853 0.000092 0.055202 0.001248 0.923140
0.000006 0.000029 0.000000 0.000290 0.000000 0.998650 0.000193 0.000000 0.000671 0.000161
0.000001 0.000006 0.999749 0.000116 0.000002 0.000000 0.000123 0.000001 0.000001 0.000000
0.000001 0.000021 0.000001 0.000557 0.000001 0.999371 0.000010 0.000000 0.000031 0.000008
0.000000 0.000000 0.000002 0.000000 0.999278 0.000101 0.000007 0.000018 0.000022 0.000570
0.000090 0.000000 0.000618 0.000002 0.997672 0.000002 0.000440 0.000003 0.000003 0.001170
0.011056 0.000000 0.987499 0.000119 0.000003 0.000005 0.000008 0.000005 0.001284 0.000020
0.000004 0.000198 0.000501 0.006741 0.000004 0.000102 0.000010 0.000005 0.992305 0.000129
0.000002 0.000016 0.000761 0.994830 0.000004 0.003996 0.000004 0.000000 0.000387 0.000000
0.000821 0.000252 0.009556 0.001292 0.002597 0.074240 0.004547 0.001109 0.880430 0.025157
0.000102 0.001015 0.972029 0.021123 0.000000 0.000047 0.000015 0.003618 0.002035 0.000015
0.000000 0.000000 0.000080 0.000008 0.996807 0.000061 0.000003 0.000017 0.000054 0.002971
0.008448 0.000005 0.000003 0.000549 0.000128 0.956002 0.016084 0.000003 0.004449 0.014329
0.999866 0.000000 0.000017 0.000002 0.000000 0.000088 0.000001 0.000008 0.000000 0.000017
0.000026 0.000857 0.001380 0.991647 0.000000 0.005569 0.000005 0.000000 0.000511 0.000006
0.000000 0.986223 0.000086 0.001857 0.000035 0.000109 0.000413 0.000030 0.010818 0.000428
0.000000 0.000000 0.000001 0.000019 0.000000 0.000001 0.000000 0.999877 0.000000 0.000102
0.000000 0.001209 0.002012 0.014315 0.000001 0.000007 0.000000 0.979153 0.001523 0.001778
0.000037 0.000002 0.000000 0.075527 0.000001 0.923480 0.000000 0.000035 0.000625 0.000294
0.000005 0.000000 0.000005 0.000057 0.000000 0.000007 0.000000 0.999551 0.000007 0.000369
0.000000 0.000433 0.000584 0.010530 0.018732 0.000418 0.000006 0.000802 0.002330 0.966164
0.000003 0.000000 0.000001 0.000011 0.000013 0.000036 0.000000 0.998639 0.000003 0.001294
0.000000 0.997161 0.000073 0.000176 0.000008 0.000009 0.000912 0.000057 0.001598 0.000007
0.000000 0.000167 0.000006 0.002511 0.061767 0.000037 0.000000 0.037672 0.000786 0.897053
0.000089 0.000000 0.999701 0.000146 0.000002 0.000000 0.000014 0.000003 0.000044 0.000000
0.000000 0.997045 0.000038 0.002208 0.000003 0.000187 0.000067 0.000117 0.000223 0.000112
0.000029 0.000005 0.001686 0.000005 0.969823 0.001386 0.000571 0.021359 0.001256 0.003878
0.019389 0.000322 0.939215 0.013399 0.000000 0.026096 0.000181 0.000006 0.001392 0.000001
0.000000 0.000000 0.000001 0.000988 0.049948 0.000189 0.000001 0.001882 0.004258 0.942732
0.000004 0.000044 0.998849 0.001063 0.000000 0.000003 0.000016 0.000003 0.000018 0.000000
0.988065 0.000018 0.000095 0.000012 0.000027 0.002923 0.008826 0.000007 0.000003 0.000023
0.000053 0.000000 0.003551 0.000098 0.990754 0.000045 0.004429 0.000393 0.000260 0.000416
0.000000 0.000004 0.000000 0.000520 0.007978 0.000104 0.000000 0.000462 0.000183 0.990748
0.000000 0.998096 0.000019 0.001076 0.000004 0.000103 0.000037 0.000114 0.000299 0.000252
0.000005 0.000020 0.000063 0.000048 0.995727 0.000254 0.000776 0.000075 0.001036 0.001996
0.000000 0.000000 0.000032 0.000046 0.000235 0.000006 0.000041 0.000001 0.999616 0.000022
0.000000 0.996117 0.000165 0.000232 0.000004 0.000096 0.000883 0.000078 0.002412 0.000014
0.000001 0.000000 0.000975 0.000868 0.000011 0.000297 0.000001 0.000001 0.996334 0.001511
0.000000 0.000025 0.002364 0.002092 0.986916 0.004974 0.003088 0.000376 0.000094 0.000071
0.000001 0.000001 0.000000 0.000033 0.003534 0.994671 0.000001 0.000023 0.001729 0.000007
0.000001 0.000001 0.000017 0.009442 0.000319 0.000013 0.000000 0.004103 0.000418 0.985685
0.000011 0.000325 0.002024 0.003295 0.000627 0.000058 0.000026 0.029471 0.946411 0.017752
0.000146 0.000013 0.004250 0.000172 0.000020 0.000624 0.000073 0.000045 0.994485 0.000173
0.000000 0.000004 0.000012 0.999160 0.000000 0.000347 0.000000 0.000000 0.000470 0.000005
0.000031 0.000000 0.000029 0.000167 0.000000 0.000027 0.000000 0.997700 0.000007 0.002038
0.000138 0.000004 0.000001 0.000024 0.000077 0.008667 0.990969 0.000000 0.000117 0.000002
0.999990 0.000000 0.000002 0.000000 0.000000 0.000001 0.000001 0.000006 0.000000 0.000001
0.998495 0.000000 0.000016 0.000000 0.000003 0.000006 0.001473 0.000002 0.000002 0.000003
0.000000 0.000005 0.000000 0.999463 0.000002 0.000464 0.000000 0.000001 0.000017 0.000048
0.964178 0.000004 0.000831 0.000853 0.000061 0.031406 0.000608 0.000268 0.001148 0.000643
